10,15
10,131
10,303
10,233
10,2
11,7
11,11
11,9
11,29
11,19
11,13
8,11
8,13
8,14
0,318
456,168
456,20
390,9
390,7
390,4
390,3
390,1
26,5
26,4
25,30
25,29
25,28
25,26
25,21
25,20
25,19
25,18
25,17
25,16
25,15
25,14
25,13
25,12
25,11
25,10
25,9
25,8
25,7
25,4
24,9
24,8
24,4
20,2
14,128
20,1
14,127
20,3
14,122
14,119
14,118
14,117
14,116
14,114
14,113
14,112
14,111
14,110
14,109
14,108
19,2
19,1
14,107
19,3
14,106
14,105
14,94
14,81
14,78
14,71
14,30
14,29
13,7
13,6
13,4
12,3
12,2
12,1
11,25
11,23
11,21
11,15
11,5
11,3
11,2
11,1
10,313
10,219
10,205
10,139
10,117
10,3
10,1
9,7
9,5
9,3
9,2
9,1
8,17
8,16
8,12
8,10
8,9
18,1
8,8
18,3
8,7
8,6
8,5
8,4
8,3
14,115
8,2
13,5
8,1
3,3
3,2
3,1
0,572
0,560
14,97
507,1
61,3
0,549
507,11
